image_width: 640
image_height: 480
camera_name: narrow_stereo
camera_matrix:
  rows: 3
  cols: 3
  data: [472.11465,   0.     , 279.1733 ,
           0.     , 473.11456, 239.22095,
           0.     ,   0.     ,   1.     ]
distortion_model: plumb_bob
distortion_coefficients:
  rows: 1
  cols: 5
  data: [-0.001045, 0.081099, -0.008362, -0.011160, 0.000000]
rectification_matrix:
  rows: 3
  cols: 3
  data: [1., 0., 0.,
         0., 1., 0.,
         0., 0., 1.]
projection_matrix:
  rows: 3
  cols: 4
  data: [490.16013,   0.     , 274.76781,   0.     ,
           0.     , 489.56693, 234.87902,   0.     ,
           0.     ,   0.     ,   1.     ,   0.     ]
