image_width: 640
image_height: 480
camera_name: narrow_stereo
camera_matrix:
  rows: 3
  cols: 3
  data: [660.33221,   0.     , 367.74337,
           0.     , 660.43956, 215.1273 ,
           0.     ,   0.     ,   1.     ]
distortion_model: plumb_bob
distortion_coefficients:
  rows: 1
  cols: 5
  data: [0.494469, 0.248527, -0.016514, 0.038139, 0.000000]
rectification_matrix:
  rows: 3
  cols: 3
  data: [1., 0., 0.,
         0., 1., 0.,
         0., 0., 1.]
projection_matrix:
  rows: 3
  cols: 4
  data: [760.60999,   0.     , 373.06934,   0.     ,
           0.     , 763.78302, 211.82835,   0.     ,
           0.     ,   0.     ,   1.     ,   0.     ]
