image_width: 640
image_height: 480
camera_name: narrow_stereo
camera_matrix:
  rows: 3
  cols: 3
  data: [607.72065,   0.     , 343.71309,
           0.     , 606.05279, 218.68261,
           0.     ,   0.     ,   1.     ]
distortion_model: plumb_bob
distortion_coefficients:
  rows: 1
  cols: 5
  data: [0.393545, 0.437100, 0.000107, 0.002472, 0.000000]
rectification_matrix:
  rows: 3
  cols: 3
  data: [1., 0., 0.,
         0., 1., 0.,
         0., 0., 1.]
projection_matrix:
  rows: 3
  cols: 4
  data: [717.67303,   0.     , 339.87226,   0.     ,
           0.     , 717.5152 , 220.3789 ,   0.     ,
           0.     ,   0.     ,   1.     ,   0.     ]
